Best trial:
Value:  393.5363906
Params: 
    gamma: 0.9999
    learning_rate: 0.3305801933060239
    batch_size: 2048
    buffer_size: 1000000
    learning_starts: 10000
    train_freq: 512
    tau: 0.02
    log_std_init: -1.0190626611671032
    net_arch: small 